expected_moni_center: 135.500000 35.100000 91.171031 111.190000
135.050296 135.949704 34.650319 35.549681
135.225790 135.774210 34.650319 35.549681
stn_mean_moni_center: 135.551575 35.078725 91.194604 111.190000
135.101987 136.001163 34.629044 35.528406
135.277436 135.825714 34.629044 35.528406
1 135.484100 35.490700 103.000000 N.TKHH
2 135.726600 35.457300 107.500000 N.OBMH
3 135.867100 35.248200 101.480000 N.OTUH
4 135.133400 35.313000 303.000000 N.FKCH
5 135.550800 35.268500 103.000000 N.MYMH
6 135.484600 35.046900 103.000000 N.KMEH
7 135.730400 35.009400 706.930000 N.KYTH
8 135.746100 34.898200 803.000000 N.KMMH
9 135.705200 34.763000 202.000000 N.KTNH
10 135.519900 34.715900 1012.458000 N.OSKH
11 135.389600 34.662800 2032.810000 N.KNHH
12 135.281100 35.070800 103.000000 N.SSYH
